25 123456789 200000
100000 1 100500
200000 7 203000
300000 13 306500
400000 29 414000
500000 100 560000
600000 256 720000
700000 999 1000000
150000 1234 260000
250000 4096 450000
350000 8192 690000
450000 15000 900000
550000 20000 950000
650000 30000 980000
750000 50000 990000
800000 75000 1000000
900000 100000 1000000
100000 11111 180000
200000 22222 350000
300000 33333 520000
400000 44444 710000
500000 55555 830000
600000 66666 920000
700000 77777 970000
800000 88888 990000
900000 199999 1000000
