30 100
5000 1000000000000
5006 123456789012
5012 987654321098
5018 555555555555
5024 314159265358
5030 271828182845
5036 777777777777
5042 888888888888
5048 999999999999
5054 111111111111
5060 222222222222
5066 333333333333
5072 444444444444
5078 666666666666
5084 135791357913
5090 246802468024
5096 101010101010
5102 909090909090
5108 123123123123
5114 456456456456
5120 789789789789
5126 100000000000
5132 200000000000
5138 300000000000
5144 400000000000
5150 500000000000
5156 600000000000
5162 700000000000
5168 800000000000
5174 900000000000
