94
1
500000000
673913043
760869565
826086956
847826086
869565217
891304347
913043478
913043478
934782608
934782608
934782608
956521739
956521739
956521738
956521739
956521739
978260869
978260869
978260869
978260869
978260870
978260869
978260869
978260869
978260869
978260869
978260869
978260869
978260869
999999999
999999999
1000000000
1000000000
1000000000
1000000000
1000000000
1000000000
1000000000
1000000000
1000000000
1000000000
1000000000
1000000000
1000000000
1000000000
999999999
999999999
999999999
999999999
999999999
999999999
999999999
999999999
999999999
999999999
999999999
999999999
999999999
999999999
999999999
999999999
999999999
999999999
999999999
1000000000
1000000000
1000000000
1000000000
1000000000
1000000000
1000000000
1000000000
1000000000
1000000000
1000000000
1000000000
1000000000
1000000000
1000000000
1000000000
1000000000
1000000000
1000000000
1000000000
1000000000
1000000000
1000000000
1000000000
1000000000
1000000000
1000000000
1000000000
