40 15
1 1000000000
1000000000 1
500000000 700
750000000 900
250000000 800
600000000 1200
600000000 1100
100 5000
999999999 300
400000000 400
800000000 2000
200000000 50
300000000 60
700000000 70
700000001 80
123456789 90
987654321 100
111111111 110
222222222 220
333333333 330
444444444 440
555555555 550
666666666 660
777777777 770
888888888 880
999999998 990
135791357 135
246802468 246
357913579 357
468024680 468
579135791 579
680246802 680
791357913 791
802468024 802
913579135 913
24 24
42 42
314159265 314
271828182 271
161803398 161
1
100
1000000000
999999999
800000000
700000000
600000000
500000000
400000000
300000000
200000000
123456789
50
100000001
900000000
