30 50 15 120
1 2 5
1 3 12
1 4 7
2 5 8
2 6 20
3 6 6
4 3 3
4 7 15
5 8 10
6 8 5
6 9 9
7 10 8
8 11 4
9 11 3
10 12 6
11 12 5
12 13 7
13 14 2
14 15 5
15 16 8
16 18 6
13 18 15
18 20 9
20 22 10
22 25 12
25 30 14
12 20 25
8 15 18
5 10 22
3 5 20
2 3 4
11 7 11
15 8 16
18 12 13
20 15 7
22 18 5
25 22 9
30 1 50
9 17 10
17 19 7
19 21 4
21 23 6
23 24 3
24 26 8
26 27 4
27 28 5
28 29 3
29 30 2
10 20 30
6 18 40
1 1 100
1 2 150
2 2 5 400
3 3 8 12 900
2 15 18 1200
4 2 7 10 12 1300
3 20 22 25 2000
1 30 3000
5 1 3 5 8 15 1700
2 18 20 800
3 10 12 20 1100
4 15 20 22 25 1600
2 25 30 2200
6 2 3 5 7 8 10 2500
3 12 18 30 1800
