20 12
40 25 60 10 75 55 30 90 15 50 65 20
100 20 70 9 80 54 33 95 15 55 70 22
39 40 61 12 74 100 31 20 18 49 66 25
45 30 59 30 76 56 80 91 10 52 64 19
10 25 100 11 75 54 29 120 16 50 63 21
41 26 60 10 200 55 30 90 15 50 65 20
80 24 58 9 74 53 32 89 14 120 64 18
42 100 62 13 73 57 28 88 17 51 90 30
40 25 60 10 75 55 30 90 15 50 65 20
0 0 0 0 0 0 0 0 0 0 0 0
60 45 80 25 90 70 50 110 35 75 85 40
38 27 65 8 78 52 35 93 20 48 67 22
90 10 10 10 10 10 10 10 10 10 10 10
20 60 20 60 20 60 20 60 20 60 20 60
55 35 75 15 85 65 45 105 25 70 80 30
43 28 63 14 77 58 34 92 19 53 68 24
70 70 70 70 70 70 70 70 70 70 70 70
41 24 59 11 76 56 29 91 16 51 66 23
120 130 140 150 160 170 180 190 200 210 220 230
5 200 5 200 5 200 5 200 5 200 5 200
44 29 64 13 79 59 36 94 21 54 69 26
