15 25
1 1099511627776
2 1099511627777
4 281474976710656
8 281474976710664
16 1125899906842624
32 1125899906842656
64 72057594037927936
128 72057594037928064
256 1152921504606846975
512 1152921504606846463
1024 123456789012345
2048 98765432109876
4096 555555555555555
8192 333333333333333
16384 777777777777777
0 1 3 7 15 31 63 127 255 511 1023 2047 4095 8191 16383 32767 1099511627776 281474976710656 1125899906842624 72057594037927936 1152921504606846975 123456789012345 98765432109876 555555555555555 777777777777777
