1000000000 1000000000 40
1 1
1 1000000000
1000000000 1
1000000000 1000000000
999999999 999999999
999999998 999999997
999999997 999999998
500000000 500000000
500000001 500000000
500000000 500000001
123456789 987654321
987654321 123456789
314159265 271828182
271828182 314159265
42 999999999
999999999 42
2 2
3 3
4 4
5 5
10 20
20 10
100 200
200 100
1000 2000
2000 1000
12345 54321
54321 12345
111111111 222222222
222222222 111111111
333333333 444444444
444444444 333333333
555555555 666666666
666666666 555555555
777777777 888888888
888888888 777777777
135791357 246802468
246802468 135791357
999999000 999998000
999998000 999999000
